#################################### 
# Matrix Size= (300,300,300)
# Resol      = (1,1,100)
# VoxelSize  = (300,300,3)
# nbVal      = 100
#################################### 
4.644161499e-05
0.01428341379
0.02090802328
0.0262020949
0.02792257493
0.02958363102
0.038684436
0.02564104541
0.01953540169
0.03848938381
0.03017365191
0.02095075371
0.01461030662
0.04094889582
0.0122886243
0.012414284
0.01378919223
0.007384979547
0.0141698174
0.009070705214
0.001324709414
0.009485798641
0.02249442247
0.007432701892
0.02495861545
0.02405211794
0.02506637299
0.003595767467
0.02256568426
0.02712925634
0.0310908039
0.02930957883
0.02096230595
0.02194439
0.02974015099
0.04491103752
0.05044758912
0.01835631477
0.02664759628
0.01020971799
0.01565955195
0.0265972134
0.02142713882
0.0237181505
0.02288030917
0.04150342208
0.01043750349
0.00216665468
0.02932566889
0.04443499386
0.06800496521
0.03805951272
0.06482620261
0.0331217053
0.04123010774
0.0252698261
0.04411205671
0.03121216527
0.02936123186
0.04243172191
0.02862180102
0.03154104212
0.02581936715
0.04980448913
0.04027027177
0.01485668049
0.01802653152
0.01973905885
0.04694167149
0.06904137038
0.01973732551
0.02240585053
0.05561415707
0.06743462291
0.04311092106
0.0272601057
0.04786027016
0.04606274513
0.01329179426
0.03000125858
0.01418710178
0.02772872871
0.02188003906
0.02176975006
0.03145524055
0.02996541774
0.03203892776
0.04201888686
0.01972486048
0.03267645182
0.06210933885
0.05363219897
0.02773414744
0.03154288872
0.07173349807
0.03190659445
0.04527838475
0.0198848583
0.02553041578
0.01546893189
