#################################### 
# Matrix Size= (37.5,300,300)
# Resol      = (100,1,1)
# VoxelSize  = (0.375,300,300)
# nbVal      = 100
#################################### 
1.16212439e-06
3.908197458e-08
5.283533854e-05
3.118421785e-05
4.219251436e-06
3.917077603e-05
5.035248416e-06
3.879078632e-06
4.401952842e-06
8.548651622e-06
3.306355427e-05
4.143887415e-06
8.93451465e-06
1.92719974e-05
3.61961869e-05
7.09891254e-05
0.0001655204069
0.0001182814988
2.679647368e-05
4.948073218e-05
1.439337988e-05
4.550091079e-05
0.0001287523142
7.132465664e-05
4.19485773e-05
8.860420585e-05
0.0001006967789
2.062765251e-05
3.171609516e-05
2.963071288e-05
0.0001694007525
7.43746833e-05
0.0004408429543
0.0001260737416
0.0003231401376
2.034752692e-05
0.0001193977793
5.578128639e-05
4.725242579e-05
7.792825486e-05
2.872125691e-06
1.850272782e-05
0.0001470016894
3.481087894e-05
0.0001165081477
0.0001413392277
0.0001765661951
8.7896917e-05
5.802903591e-05
1.207288349e-05
3.411442686e-05
0.0001031766856
7.598951383e-05
9.678741031e-05
0.0001694489184
0.0001332828841
7.593778926e-05
6.567677112e-05
3.689394486e-05
3.473294037e-05
4.819640006e-05
2.456960824e-05
4.788993468e-05
0.0001118224987
0.0002484425396
0.000391718717
0.000283578212
0.0004999813598
5.707179738e-05
0.0001002394552
3.448626424e-05
0.000103435296
2.779542019e-05
6.519635933e-05
0.0001536686128
7.534386666e-05
7.478525611e-05
6.3070037e-05
3.652293251e-05
7.747304319e-06
0.0001697347416
0.0001015957398
6.036539886e-05
4.05769716e-05
8.713710619e-05
1.818457637e-05
2.233889025e-05
0.0002167176575
3.575152164e-05
7.246569067e-05
2.484228231e-05
0.0001599280909
2.726525073e-05
9.905746221e-05
6.688561069e-05
0.0002712755972
0.000127832964
0.0001930373073
7.42020407e-05
5.605038881e-05
