#################################### 
# Matrix Size= (300,300,300)
# Resol      = (1,1,100)
# VoxelSize  = (300,300,3)
# nbVal      = 100
#################################### 
1
0.6452950437
0.8150805621
0.74130808
0.6632497549
0.5341950412
0.4919627345
0.5700825529
0.5345663999
0.4116996265
0.5209945744
0.6664022897
0.6499385304
0.579344635
0.4848193505
0.9839486841
0.5772521878
0.9478410357
0.5073138764
0.483482413
0.5653470896
0.8336368015
0.5133985335
0.6969155177
0.4851884544
0.5051354442
0.5604634621
0.9139699793
0.7101607988
0.458269041
0.5239941234
0.4091947794
0.5617290361
0.5733671621
0.5314774629
0.5165628577
0.3936102339
0.4150361376
0.6844548362
0.5841160271
0.7825951676
0.3985871114
0.6331517744
0.4206590015
0.4984311056
0.4185430593
0.443471658
0.5923076781
0.6478651434
0.4557013836
0.3497080521
0.4171617785
0.3968037285
0.4914897492
0.4590666793
0.4637406528
0.3927897161
0.4456081625
0.5085675343
0.4125274321
0.4190908826
0.5062366335
0.3995226792
0.5376678798
0.3368088492
0.4745189436
0.681775098
0.5913704147
0.4454024767
0.3624606995
0.7517029878
0.4812535064
0.4253645896
0.4500634784
0.4711856743
0.5514833266
0.4084042278
0.3979446213
0.4537831092
0.4950216071
0.5263694714
0.5458642703
0.8151682873
0.4880765811
0.5201141921
0.4360632751
0.6024269074
0.3933053377
0.5297668347
0.4915502562
0.4487726276
0.4075570378
0.4626241506
0.4218441385
0.3277304944
0.5054597033
0.4475598306
0.4471524713
0.3997720325
0.6811911887
