#################################### 
# Matrix Size= (37.5,300,300)
# Resol      = (100,1,1)
# VoxelSize  = (0.375,300,300)
# nbVal      = 100
#################################### 
0.001791282755
0.0002023323336
0.01078578145
0.005769716505
0.002625803933
0.00648655446
0.002446714605
0.002254321858
0.002122316729
0.004086125083
0.007131672693
0.002919049436
0.004218948946
0.006210579531
0.01201978077
0.02120626935
0.03178976058
0.02315974034
0.01239378825
0.01178895551
0.006887158576
0.01384847749
0.03090500936
0.01950390878
0.01166558878
0.01610848974
0.02290504555
0.01148357843
0.01378219589
0.01589484903
0.03196456049
0.02247215673
0.04340105659
0.02987650715
0.04668517575
0.00957840671
0.02664711336
0.01120129374
0.01063334015
0.02194071613
0.002892636348
0.009545154135
0.01663634848
0.009962850239
0.01956850923
0.02390952059
0.03478490515
0.02421812014
0.01837230277
0.007458200821
0.009571344461
0.02540752854
0.01587938962
0.02302113076
0.0330523681
0.02674821978
0.02209721383
0.01976342932
0.01624551257
0.01165330693
0.01750540896
0.01385551657
0.01500830307
0.03021146931
0.04117022555
0.04039613276
0.02643529066
0.02799557084
0.0145008945
0.02244808615
0.01123500284
0.02371040512
0.01313179982
0.02058216808
0.02368569491
0.01980224218
0.01950466545
0.01501640917
0.01243617137
0.002783397981
0.02630375018
0.02549367159
0.01953482347
0.01603101131
0.02272972022
0.008592815889
0.006772759334
0.01854121621
0.010452088
0.0131343485
0.00791314965
0.02861748305
0.01045017525
0.01607421861
0.02132988074
0.04511581709
0.02393612566
0.02621630932
0.02195959361
0.01352475225
