#################################### 
# Matrix Size= (37.5,300,300)
# Resol      = (100,1,1)
# VoxelSize  = (0.375,300,300)
# nbVal      = 100
#################################### 
0.6017078154
0.9770592375
0.6738425341
0.9678543816
0.7822181005
0.9648588797
0.9171047245
0.8736448057
0.9885792402
0.7154771155
0.8062319094
0.6972951388
0.7084155868
0.7067856649
0.5003856916
0.3970999017
0.404498232
0.4694303102
0.4174736709
0.5965737591
0.5507336051
0.4869320072
0.3669185475
0.4328225421
0.5550785598
0.5842363231
0.4379188838
0.3952876759
0.4084177561
0.3422058736
0.4069773721
0.3835448544
0.4836146374
0.3755936421
0.3848280934
0.4707713953
0.4098575661
0.6666867167
0.6463709602
0.4021348048
0.5857668038
0.4504684822
0.7287269068
0.5920978142
0.5514689374
0.4970821812
0.3817759512
0.3869009861
0.4144286313
0.4657090481
0.6101306899
0.3995764685
0.5488356366
0.4271577428
0.393622647
0.4314221965
0.394144486
0.4098534432
0.373660054
0.5055861356
0.3963712687
0.3575034398
0.4609242944
0.349769074
0.3826279313
0.4897898806
0.6369256279
0.798661821
0.5208340213
0.4458256249
0.5225577654
0.4287485531
0.4012695417
0.3920862489
0.5232283636
0.4381540912
0.4431919702
0.5287295163
0.4857978337
1
0.4951468625
0.3951580113
0.3975147613
0.3971431672
0.4104811914
0.4961158579
0.6977814052
0.7939322832
0.5719458241
0.6480338682
0.629767587
0.4417248871
0.4995173635
0.6190758343
0.3832002127
0.3648327912
0.4721894418
0.5298315604
0.3920528698
0.5534286693
