#################################### 
# Matrix Size= (300,300,300)
# Resol      = (1,1,100)
# VoxelSize  = (300,300,3)
# nbVal      = 100
#################################### 
2.156823603e-09
8.497719874e-05
0.0002904496804
0.0003773468174
0.0003430644405
0.0002498734565
0.0003624172737
0.0002137604337
0.0001091101241
0.0002513438411
0.0002472607773
0.0001949759205
9.019489886e-05
0.0005630283497
3.551804124e-05
0.0001492076563
6.338443143e-05
4.899812151e-05
5.17050008e-05
1.924545117e-05
5.611208778e-07
6.253738041e-05
0.0001334447688
2.683772298e-05
0.0001467384464
0.0001476984065
0.0001974545843
1.080100533e-05
0.0002568595779
0.0001546832995
0.0002655499119
0.0001439829263
0.0001387139787
0.0001583762201
0.0002499635184
0.0005385067066
0.0003947181669
5.809784249e-05
0.0003327393847
3.557897413e-05
0.0001502062299
0.0001125067035
0.0001841084895
9.963818855e-05
0.0001301357861
0.0003020347294
2.144270925e-05
1.647535636e-06
0.0003610647967
0.0004103384608
0.0005663898221
0.0002523175936
0.0006623952272
0.0002651715538
0.0003585136193
0.0001374269034
0.0003005458208
0.0001935996197
0.0002230975022
0.0003066975534
0.0001440183489
0.0002551004422
0.0001065199927
0.0007174286447
0.0001842529285
4.973355061e-05
0.0001510798726
0.0001363118305
0.0004374950945
0.0006270678786
0.0002201587814
0.0001163479561
0.000560126866
0.0009218393224
0.0004129172457
0.0002261093566
0.0003824409868
0.0003363615129
3.640815711e-05
0.0002206961604
5.579500659e-05
0.0002292101533
0.0003181519502
0.0001129693151
0.0002678043276
0.0001708871748
0.0003726637228
0.0002734155152
0.0001092496327
0.0002581535949
0.0007775186567
0.0004782597657
0.0001647422936
0.0001772180785
0.0005536036628
0.0002602477711
0.0004109894542
7.912317151e-05
0.0001042790294
0.0001110603441
