####################################
# DEPTH DOSE (normalized) in Gy
# Matrix Size= (500,500,500)
# Resol      = (1,1,100)
# VoxelSize  = (500,500,5)
# nbVal      = 100
#################################### 
0.2153782971
0.2342045419
0.2285280429
0.2447941467
0.242949234
0.2494935094
0.256385175
0.2526910546
0.2590034028
0.2740328587
0.2538134268
0.26322495
0.2763381826
0.2834858208
0.2900202711
0.2910198735
0.3072756383
0.32714328
0.3331339908
0.339420823
0.3544259578
0.346776944
0.3351368165
0.3363442127
0.3394959167
0.3354834323
0.3532125573
0.3594913942
0.3644130135
0.3885311925
0.3906011411
0.4099281295
0.4060758102
0.4342122665
0.4138991464
0.4382258076
0.432685951
0.4361364284
0.4382768903
0.4789829643
0.4636585858
0.4743037907
0.4653657976
0.4766140832
0.4767128374
0.506820296
0.5122475063
0.5259531638
0.530451608
0.5256086934
0.536571605
0.5306737961
0.548877623
0.5468043035
0.5798265145
0.5864237859
0.5905828949
0.6272264647
0.6156400635
0.6304694653
0.6458226713
0.6639481133
0.6471756255
0.665629349
0.700179813
0.6991191033
0.7369348588
0.7143910233
0.725936642
0.7079962246
0.7144501799
0.7397010964
0.7324590967
0.7876220398
0.7971159464
0.7625624566
0.7919518714
0.819220579
0.8072246716
0.8218343036
0.8210403332
0.8512506982
0.8440846366
0.8512085507
0.8883377314
0.9094539542
0.918677644
0.8694977103
0.8972380995
0.937270485
0.9688637477
0.9570723018
0.9679693415
0.9442925971
0.9625853116
1
0.9692397966
0.9654217866
0.8734391404
0.6048099926
