#################################### 
# DEPTH DOSE UNCERTAINTY
# Matrix Size= (500,500,500)
# Resol      = (1,1,100)
# VoxelSize  = (500,500,5)
# nbVal      = 100
#################################### 
0.02639350651
0.01897054131
0.02975250819
0.02262507696
0.03861447966
0.04585797467
0.03952080684
0.03075267591
0.03532663929
0.02314160284
0.04520821846
0.01721136916
0.01816356905
0.03709450796
0.0324973353
0.02415243652
0.034133351
0.03611549032
0.0203596646
0.04518994887
0.03980251775
0.03199737434
0.03480950544
0.03304865448
0.03256906439
0.03750217172
0.02307207731
0.02528196602
0.02781659077
0.02906516117
0.02793670406
0.03417236996
0.01718132132
0.02234265769
0.03308821969
0.02537905624
0.01586868685
0.02622250074
0.02157437803
0.03098480673
0.02568064634
0.03999289884
0.03235797586
0.01932560513
0.01356303067
0.02829673773
0.03419516795
0.03623695834
0.02934608502
0.02946032598
0.02100262538
0.02148487284
0.01364289906
0.03202420339
0.02555534222
0.02343092461
0.02392253091
0.02489391631
0.02438182773
0.01479186114
0.01963185082
0.01961529414
0.02060364361
0.01853533976
0.02066111272
0.02415904947
0.02264874902
0.02604953356
0.02497233117
0.02027801312
0.02591480458
0.02395827626
0.02176161442
0.0189353517
0.02188368387
0.02438303993
0.02347543116
0.01743103047
0.01863100784
0.01457714599
0.01635943646
0.02179358885
0.02057660967
0.02111637548
0.02122607919
0.02073878077
0.0223862787
0.02066048976
0.01730180886
0.01540171693
0.01986293614
0.02084135414
0.01877654188
0.02043043987
0.01798893386
0.01989664358
0.02128774562
0.02213141337
0.01581535017
0.0206871864
