#################################### 
# Matrix Size= (500,500,500)
# Resol      = (1,1,100)
# VoxelSize  = (500,500,5)
# nbVal      = 100
#################################### 
6.522268585e-12
6.365773674e-12
6.437661431e-12
6.497200563e-12
7.032073215e-12
7.125524845e-12
7.160969913e-12
7.203727055e-12
7.448173306e-12
8.08712219e-12
8.034577497e-12
7.61461302e-12
8.360296815e-12
8.86470518e-12
8.441719552e-12
8.800299808e-12
9.54463454e-12
8.75735073e-12
8.996490108e-12
9.400869945e-12
9.385015416e-12
9.123297651e-12
9.632460572e-12
9.597084654e-12
1.020935037e-11
1.029796975e-11
9.874741475e-12
1.035657296e-11
1.079467963e-11
1.105858048e-11
1.108204196e-11
1.175729649e-11
1.19919387e-11
1.186241384e-11
1.194468444e-11
1.255145414e-11
1.294443582e-11
1.282230634e-11
1.274639457e-11
1.282771794e-11
1.362861465e-11
1.36613647e-11
1.388008969e-11
1.373265737e-11
1.368055541e-11
1.406922786e-11
1.421630267e-11
1.480917832e-11
1.471950202e-11
1.564505164e-11
1.569849262e-11
1.615253487e-11
1.584681835e-11
1.630965269e-11
1.61222975e-11
1.634485879e-11
1.703443902e-11
1.734564819e-11
1.762491398e-11
1.712964317e-11
1.757251493e-11
1.813254348e-11
1.86668694e-11
1.88565882e-11
1.89703345e-11
1.950024315e-11
1.942810384e-11
1.966255343e-11
2.03959012e-11
2.142940563e-11
2.02319799e-11
2.195041841e-11
2.156579716e-11
2.180356561e-11
2.197483882e-11
2.198216487e-11
2.239802276e-11
2.297115279e-11
2.262155044e-11
2.396720568e-11
2.454618871e-11
2.43542779e-11
2.403703634e-11
2.348353695e-11
2.46533768e-11
2.503146659e-11
2.634718249e-11
2.59326544e-11
2.564688778e-11
2.688883247e-11
2.71032315e-11
2.736089384e-11
2.769267319e-11
2.722697058e-11
2.742645186e-11
2.771248806e-11
2.737625249e-11
2.701531289e-11
2.496641657e-11
1.748544409e-11
