#################################### 
# DOSE PROFILE at 5 mm depth 
# Matrix Size= (500,500,500)
# Resol      = (100,1,1)
# VoxelSize  = (5,500,500)
# nbVal      = 100
#################################### 
0.01444526163
0.01198226598
0.01416842823
0.01473166631
0.01618591643
0.01619939117
0.0170283484
0.01841070997
0.0199395071
0.02289027059
0.0245937195
0.02362441015
0.02847921643
0.02858513504
0.03121815558
0.033225457
0.03647310168
0.038127261
0.04405995017
0.04497062167
0.04835970963
0.05625849035
0.05762129876
0.06164823593
0.06838359299
0.07205411173
0.07744112654
0.08458007615
0.09687871119
0.1070000939
0.1200328286
0.1716569649
0.2747521756
0.4555829207
0.7108427269
0.8395932577
0.9338261576
0.9106254629
0.9104340914
0.9332565203
0.9010401523
0.8951733819
0.882969374
0.8703381083
0.8902007243
0.883538489
0.9353926366
0.9394056087
0.9294703579
0.9423565634
0.9379681471
0.9201028797
0.9972491829
0.9169387114
0.9141150672
0.8828727528
0.8586072987
0.8871661851
0.898821003
0.9216903686
0.9235856948
0.9173442328
0.9193989228
1
0.862697418
0.7077576832
0.4810410338
0.2875688341
0.1717015757
0.12807935
0.1066481332
0.09307480296
0.08936850058
0.07682656222
0.06988480288
0.07011803621
0.06120420491
0.05886237255
0.05520077297
0.04915025681
0.04276261892
0.04179838478
0.04209943577
0.0389268093
0.03293040766
0.03231770162
0.02940900822
0.0267119028
0.02567787624
0.02370226796
0.02108208738
0.02129281885
0.0189452062
0.01689279808
0.01572980608
0.01599226067
0.01493343173
0.01303253478
0.01319457895
0.01096304107
