#################################### 
# DOSE PROFILE UNCERTAINTY
# Matrix Size= (500,500,500)
# Resol      = (100,1,1)
# VoxelSize  = (5,500,500)
# nbVal      = 100
#################################### 
0.03641713748
0.03272547318
0.04029339655
0.03416873294
0.05382222396
0.04238738843
0.03405200999
0.1941938773
0.03721275429
0.03018224709
0.04298847631
0.05469950185
0.09339010905
0.05006011604
0.04290301963
0.0348658565
0.02979825157
0.03356074892
0.05855245886
0.02609404376
0.01888635985
0.05664088632
0.02992873925
0.0229047867
0.02301260443
0.03059969839
0.03032689575
0.0440451508
0.03718276583
0.01958691527
0.04908783962
0.04253305622
0.01561945046
0.04152574537
0.03296433392
0.02733621303
0.02039006432
0.01951773502
0.02929857825
0.01610079041
0.01626209486
0.02078426716
0.0181382249
0.0141997639
0.0198991539
0.01608379975
0.02299930322
0.02593649309
0.0205700641
0.01940516014
0.01708100445
0.01656309039
0.01999134691
0.02023796233
0.01549281798
0.01892488885
0.01403549815
0.01878149799
0.01796561761
0.01825972268
0.01767440815
0.02213090934
0.01742007566
0.02782324153
0.0313912685
0.02437960463
0.03166034002
0.03458234071
0.01538436681
0.02801855402
0.02194786955
0.02425755604
0.0215987838
0.03901832537
0.08205983594
0.03459016928
0.02134369822
0.03011561059
0.03222601091
0.02725587129
0.04639192338
0.04939349822
0.04294440352
0.03526379254
0.0236547036
0.02954988842
0.05386546225
0.05248759408
0.02987748233
0.05189980062
0.1275756751
0.04469316611
0.08160042961
0.06828266094
0.05051362912
0.03169640012
0.06014775208
0.04481648717
0.04236865526
0.07588976502
